6006
13137
20503
12913
1103
31523
3026
2801
2051
14254
12666
29021
4818
4166
8932
30920
471
27303
30636
16364
2097
16265
20347
2659
13153
7541
6534
31259
3827
19926
30039
32004
11105
20563
4304
17163
3124
8284
10093
20556
16748
30979
1737
32643
12322
2830
15460
2244
20076
22858
20643
24685
22145
12066
13080
600
13597
25967
15364
32085
14119
27026
26394
21207
14994
15041
11142
32493
26241
20894
5422
15476
11950
9742
824
22924
9740
18248
12236
12360
25771
14892
25883
6058
1244
4567
928
24782
31639
30324
15781
13413
20505
3668
11274
25701
30417
32066
8258
1535
21373
28176
22430
26578
9873
23158
29646
14430
27096
1309
23717
28859
24669
23030
28444
22410
23948
10448
7578
12333
1941
28202
25970
27187
6417
7749
15789
25878
26088
9854
25355
7209
10098
6363
9540
20172
21468
13796
6547
30946
1230
18612
22133
12165
12618
2383
7343
13816
16088
31030
4494
24284
11744
28217
28274
3495
25943
16269
18830
27731
24989
18718
23529
10579
19110
14630
26792
20939
13657
23551
10640
7168
5173
23094
25799
13838
6970
7392
4058
27865
6919
19505
9220
16197
5952
7242
1966
12714
7218
23635
12594
30082
6074
31690
26340
14693
14690
31258
16467
13624
7630
29808
19660
18081
18775
17866
800
12733
13813
27985
24231
23062
30818
12008
19845
1999
16508
8709
21548
3362
14572
8895
2595
24589
2565
22825
21509
31815
1006
19167
32460
8569
13316
10974
8271
16811
27002
23449
24842
13308
27970
22345
4894
32663
28977
29316
15000
21218
31326
11537
27382
31481
19147
1275
7656
28506
3655
32740
26451
17890
20114
24220
10907
8952
29379
12018
13602
31240
19943
12234
25100
12851
235
15216
11078
836
13244
11308
19398
7910
27052
28439
22292
31253
29976
14636
27145
19155
20039
4770
22742
3612
20886
11386
32329
10779
10450
13396
4172
158
25574
6790
7599
1480
1206
32367
6439
12037
586
13577
5526
20035
1839
7614
6028
11616
28442
14717
8206
32222
18383
14348
21655
28894
22849
28576
26717
2892
30971
29355
10965
2647
11454
14325
24441
27684
24684
2286
17097
28867
13092
10819
24720
10082
8111
29359
8040
23488
1051
17428
9600
30693
19621
6858
31389
11793
17885
10038
2911
32498
23044
9631
29126
28697
15801
26686
9972
1711
20437
18324
565
23140
12435
27905
10556
21673
21492
11153
21936
28703
4961
23321
5095
3151
658
27011
24305
10651
2992
5734
15832
8564
5814
3290
17958
11982
16413
20362
10152
23249
25272
11018
9586
8658
30941
8811
8227
25729
6341
2573
5482
31076
4149
17589
14537
29316
25438
22239
2457
27494
13059
17494
2639
29500
19929
27649
31997
26461
28979
22016
18716
20979
31966
10232
28296
8435
7754
13226
10700
18771
14059
21451
11680
10871
479
2831
5552
17900
15569
6536
30367
8024
22557
31790
12108
22705
29237
2751
24404
24238
8771
10185
9944
14715
22032
14084
4992
21937
18212
19942
24255
22917
19247
21106
24921
23104
935
31825
24611
1519
12467
27683
5642
5467
11080
19735
8023
6715
19089
13497
10802
32169
14485
13580
4196
17107
31252
21721
15969
25075
11697
25158
2949
20353
18007
21418
26526
934
17621
10912
427
5621
13515
3419
19427
16726
28874
2617
249
25666
29111
14746
3743
20790
11632
12786
2377
865
18610
541
3379
2976
8251
9715
12453
18861
27947
10525
27510
17812
2224
27687
6095
15718
4834
16341
28721
15152
236
19131
11961
18222
22125
27912
12707
2621
3614
5795
18702
29839
30132
17273
4606
15522
264
4629
679
19059
22645
10353
3049
25327
9857
23307
29719
10154
26816
19004
20220
16083
18422
27077
14112
14184
15228
9899
11335
32166
31717
8006
15163
29636
2272
8596
21195
736
18016
25555
27156
14394
29947
11086
23551
17056
2448
21879
7179
25641
10285
30518
10317
11302
17968
1665
23733
3414
14252
16941
2962
9305
11278
19459
32600
16999
24064
10519
18849
4162
31373
7253
883
23913
902
3933
25281
28559
12581
32145
18740
26187
5873
5483
12331
1809
4065
1045
5632
1377
13764
7987
20621
6974
26592
24835
26862
1506
9434
27305
25737
15024
15318
196
8012
26730
6366
13893
6966
6308
12424
14721
26905
1401
20179
30597
3742
30588
19795
2473
3465
16369
29838
8552
28734
9022
3237
26222
32644
18332
24887
31475
1418
31762
15490
6728
16936
27556
7627
1455
29798
4296
12032
13168
7490
32025
15773
29737
24494
18767
15052
614
8665
16751
1744
12401
21423
8511
2979
10348
32419
29949
27358
29340
684
29264
17114
13832
9357
23935
20245
26435
20826
20193
26583
22918
15160
27797
9493
26113
13156
27762
10389
7539
25975
29249
21331
14329
22504
7722
27172
14115
21970
24429
28057
28237
9719
24403
10534
25901
13062
6243
15747
18600
2329
28120
10835
24042
19586
22355
6916
11189
3527
29902
31478
19961
7915
7889
5343
10150
19951
18152
16750
26302
10393
15444
26926
3758
11636
10497
23982
31966
3608
23224
19935
7047
26283
11414
22973
14021
3752
9405
2353
10221
26335
6729
10806
19232
18622
30598
23100
29472
31438
27744
16073
20323
20096
9498
12646
30822
19242
22851
25273
5700
2637
18150
14575
21895
10521
28162
27997
7742
29491
8249
11622
16720
10933
14540
17055
4111
4471
4295
1585
4624
6029
889
9087
19771
21264
5927
28169
21534
9506
7682
20112
3718
12332
25429
2940
28753
874
14595
28794
4734
8106
31025
6505
25222
14672
20544
25719
23535
23454
25342
20359
30
20786
9501
17623
109
30160
29668
6879
20093
21858
18724
19324
1742
15421
6766
9805
27020
7334
14467
605
21932
28053
17164
13059
31288
26297
1163
17415
12775
15803
19090
16646
15601
18631
3635
3096
19745
10825
183
1967
6188
27124
20626
6083
25665
7945
14999
15916
17121
4054
15209
22095
28145
27261
30002
13308
31502
31478
7575
10647
22816
599
2027
14710
19506
4947
8098
30347
23425
6145
26377
22595
26066
25823
20021
1453
20489
32023
30265
23519
504
27649
13469
13206
9589
22504
27403
10780
23471
12817
1866
29039
23746
10233
16241
27551
13704
14815
24148
5496
6066
6786
13379
1121
28696
15404
32756
31620
14158
12015
25533
23599
12408
13359
15110
30074
2655
11105
25599
30507
5828
15377
20878
3030
3060
24874
31116
