351
17987
6431
30241
28618
23666
9857
362
18909
6062
24752
13948
2576
6688
27771
17653
1876
28034
16648
19062
8092
5007
18038
1713
27548
31415
18368
5571
24528
11032
15333
9413
32449
16298
10822
21661
132
32697
11855
16154
4995
11417
24153
21057
6784
22421
6607
30177
3030
21544
656
12142
22018
6768
9621
14347
28003
11743
5844
14569
26430
23604
1124
8656
17925
26793
1249
19963
23257
30574
9490
27433
24653
19799
30921
22257
12909
14290
13067
26198
18431
12571
2417
19355
20744
5299
26318
3673
7826
30734
12562
18894
14253
31627
9839
9592
16308
10154
5562
15330
4561
10874
30227
25535
13763
2384
8648
3893
4575
6846
14455
13691
32341
23747
27763
31398
7605
31552
16233
2496
7858
6827
29252
21787
19237
15111
11341
12516
2133
18196
7575
31739
11381
9155
8346
19202
19822
21484
7966
18869
27871
1091
15963
18041
9570
5001
5726
7223
15634
27391
30894
28266
16714
15136
2608
27511
4015
28815
13384
2366
28784
30031
12609
28654
9676
4658
14319
1821
5333
1172
2706
22808
27508
7240
27902
16503
26542
30163
17913
5109
9253
9432
28645
17535
3554
25300
31903
8587
26449
5644
28838
14251
31885
17603
14720
32098
27870
18607
25433
16950
11649
22190
20974
5126
10663
11958
169
3742
9151
2058
3597
18825
15352
3508
5717
22566
16386
32559
8536
4095
10261
18788
10160
2389
25909
11224
29467
3584
25780
15907
24097
27254
27896
27044
14072
21801
14207
11123
18852
24598
27679
12951
21858
10394
24979
11897
28999
14728
18227
24985
9253
21370
7171
19584
13230
3940
5871
1270
28380
3951
25685
3444
30608
12804
23748
16604
20345
31526
6404
9832
11319
10246
1878
16864
22208
8401
26108
13329
6659
15565
18172
16250
1228
3236
290
1352
744
7936
12868
3717
4489
29527
14025
30092
4844
3849
14956
17344
1336
26792
17982
22397
8362
7574
28650
26191
8431
9686
3645
28514
15825
31260
5862
12858
5910
24614
2426
32164
6053
20815
3003
27373
5099
12130
6937
22865
10109
15276
30585
15798
5631
1109
11062
6811
13124
15344
21605
13387
5814
12112
4958
21846
7673
19869
17016
14145
715
30376
23315
25469
2095
892
11228
8342
714
15670
17484
16301
16525
13846
14706
24104
5012
14549
10227
28584
1102
16953
5967
9275
28383
14568
8805
32468
4034
22394
2362
12280
17331
31953
4086
2233
32460
22189
20271
6632
16110
6779
22890
21383
32098
16494
23007
14461
25536
29905
4221
31373
18448
13212
20270
4745
13360
16965
23644
10435
31862
31704
24244
25029
10645
9034
13866
25410
14789
12299
26173
9548
32030
18650
30076
25542
4421
24797
26185
17437
16459
10993
11485
819
18130
22335
18060
16284
17778
20240
22090
13325
24923
25314
27247
30225
22587
7866
20407
3326
2914
14525
5517
29992
17956
19962
10121
25428
17278
24971
8247
23664
14077
20956
14618
30081
23772
14410
31728
20444
21868
26352
6456
9625
20409
30909
2034
31301
18283
10186
21158
17367
23018
24043
13735
8165
30406
13189
29337
26904
28501
20639
32049
16606
10654
25659
25916
24926
31349
9702
8675
19377
27368
5518
8749
9807
27866
28052
18117
24519
17134
31522
10494
27060
8103
20671
21268
8172
16333
1824
19893
12282
1042
65
9919
5327
19957
24757
21836
31412
9191
13115
7916
8067
24748
27281
25137
791
29189
13709
27249
31745
27276
22889
12487
1148
27359
1631
11867
21412
9728
23157
9187
5858
1276
1691
31338
24491
11723
18931
8528
6506
29048
14192
3475
7098
25986
31138
15948
11481
11393
2256
27261
2137
12812
1864
15369
15897
24027
14323
15364
32116
553
17196
21549
8376
2396
15826
2489
3290
9960
9884
21843
14696
3953
19885
15456
29886
31792
23145
3975
14461
32151
25478
29297
8761
24888
19814
4301
25714
12003
25252
9368
17350
270
23277
12699
29796
15482
17425
6709
27588
27412
345
29018
31382
15898
21788
11740
17144
31614
10381
8937
24299
23183
1495
25046
19208
5078
30828
26906
26991
10302
18329
17566
12545
9081
16223
820
23759
23966
31614
9572
12241
23
26834
26991
8412
20922
28898
6286
718
3638
951
14715
32012
19633
29674
19506
26670
14767
22785
29433
25336
10294
27644
11422
13196
15920
4650
1024
18655
16400
2625
22736
28778
16312
28590
9625
5154
12954
2090
26366
5289
13086
3982
2116
5062
28996
30184
30992
17171
5771
17358
20593
2805
8465
6386
8480
7633
31227
30967
25351
19325
19223
23171
5633
10485
22464
11414
481
24656
23811
17946
14261
15602
15616
29627
14412
18434
31122
6136
25589
2335
16946
4474
6026
16206
6424
23461
6829
9783
21412
7534
17234
7058
31229
6764
29310
14556
18936
14897
20045
13646
24891
6618
23866
9231
21154
23525
26267
25257
10977
10819
15467
19386
10347
7854
21068
492
10899
1341
17868
26406
7153
11574
15336
5124
23560
15395
14287
25477
27685
14120
20200
26372
25482
13971
24085
22122
28364
30645
9274
20641
24186
16625
26105
76
2303
19474
32448
30901
970
10977
774
24326
30636
23032
22481
13245
5249
30161
25468
20570
26642
17954
15287
27994
7226
4973
29903
17513
24648
31442
30256
8916
421
13353
30760
61
30647
32333
3821
28050
26372
9658
26338
28736
24475
22875
5654
7587
23216
16797
9997
2753
15238
3528
16580
25657
22418
27535
4079
17014
18909
7398
21893
3624
5546
8211
15998
2293
23641
7688
26844
20075
10891
4848
14824
24890
8327
25864
27070
6304
31196
23984
26635
548
14408
14530
32278
2951
30169
15906
20989
2296
8786
6550
12097
27527
12240
25816
14469
15324
29357
6122
26259
11561
14501
21418
30880
23645
23351
15014
14801
3995
20814
19505
16382
2538
1057
30135
1973
18222
27480
20045
4482
13399
13424
12428
25709
14296
31072
9888
6597
7770
19069
23708
22044
16306
3995
3344
21395
28689
1141
7134
24920
4475
21583
21321
31852
22907
6361
30543
26026
7956
16471
9017
22789
17658
7935
9584
18961
5123
12194
19858
18885
6616
18319
24773
31103
24560
16821
10316
12104
3775
25863
20056
12121
20778
2597
32032
7903
3135
17464
29747
5116
16163
4381
2061
26382
8011
21703
16361
10547
17647
9182
1495
25613
31676
8620
7438
1730
3018
30010
21123
9287
3789
6582
7099
26335
9615
3608
6109
