6010
23886
5599
4209
11417
2682
6138
32642
18562
8106
12518
29065
26956
20713
31124
15490
27289
12960
32467
7121
13512
31746
2594
9674
27756
18599
27842
14966
13820
7543
272
20372
25036
13514
22034
15839
5179
21966
14672
29583
15918
15144
4837
12322
31166
19678
18389
11612
7982
12660
5793
22925
9760
31317
8729
1810
9992
28533
7794
13598
4320
15925
21656
21947
26398
3975
28613
13579
7139
18770
18771
26068
23157
32536
9935
22331
21999
21974
7758
30672
28727
24363
5380
2507
19761
12221
3090
3221
9778
13529
12192
24459
29112
3417
23596
510
13144
27083
3617
5246
2039
14287
28588
32600
16957
7361
30923
25181
11079
920
21927
12773
15260
16910
1827
9492
24675
6402
29109
22876
8403
5146
20085
20291
14314
3244
12915
9319
30306
21471
8270
11967
225
18445
22530
23843
15984
22892
22786
271
2862
16878
19079
26020
837
29797
15911
22511
31262
1771
169
1134
29137
7297
27928
19920
9952
4598
30230
253
1060
29195
22899
2646
4871
29908
12798
4158
15348
3681
23451
5849
27404
20638
23958
4371
27931
9336
20279
741
6346
7745
27287
6356
6166
29014
16817
22714
26112
18175
18876
20424
21638
31894
12473
25036
11987
3308
12616
7600
19379
10472
22719
15171
9289
17265
29565
9789
17156
5262
4988
14973
7887
22476
25894
5524
13960
18913
18026
8583
180
10638
21518
15569
881
16330
24903
9128
10411
13084
3463
32385
8851
10825
27798
14806
29773
559
29924
2855
29417
6897
10270
18239
21141
84
10751
28088
5137
29033
14697
3521
26211
2925
16308
26655
20683
7149
27206
29298
14585
24109
611
8122
6526
10187
30535
4633
31873
18592
20082
6619
3763
8679
28228
9651
24197
14497
30409
2119
7064
18232
7382
14063
27252
4706
15189
26042
8318
1352
3805
9395
31780
22760
20358
25186
11611
19127
7419
30613
16971
9867
28880
8288
19528
10169
2838
1634
20741
30074
3373
16458
23556
16020
14042
27290
17489
14390
31129
15787
31344
1059
22069
17649
29332
16914
14485
7041
32530
20565
17881
20944
12052
32698
20646
24766
1426
16047
26557
19923
7294
32681
13011
25800
2111
24262
4509
10825
3937
19121
12586
27641
2699
13510
2933
4535
177
3190
1339
5152
21386
2541
7690
15444
4165
3059
26267
4349
14456
3344
12641
5262
5977
29684
12642
14537
30512
17173
31558
11140
19212
27546
7341
24748
8373
18296
15814
32138
28387
32475
286
2373
5037
23751
5557
1705
5956
22271
12119
23334
1761
19750
22825
10012
31740
17188
22147
29526
9151
6859
1533
22484
23226
4283
31437
32717
12504
130
16464
12020
27026
13320
31718
11259
19554
16939
24835
13397
22907
16550
11139
23873
14007
19767
5182
1540
26833
12801
29661
16245
11476
10543
2028
19647
1491
986
3632
8547
21211
14380
10810
124
294
6854
18748
8519
11921
18272
30748
31970
20560
31919
24519
10580
12769
28556
23496
26062
24638
22866
24345
15409
21847
17800
6968
23503
30655
25280
7550
4470
17062
23230
22189
171
10759
30173
16584
563
3874
3503
5927
19416
22829
4836
21706
17769
1607
10861
27886
12035
18605
9697
29150
31887
1072
23327
7692
2700
16359
7989
29536
4111
24609
26752
25808
29191
15517
23573
15921
23494
26366
19040
15948
16573
13689
24331
5941
11143
26065
2081
18648
32298
27781
22644
2517
1945
17480
26940
12942
4733
20913
32512
24189
20788
12084
30138
14284
19226
30033
14390
8479
12040
21259
18107
12725
12059
2716
4333
14255
18871
9831
9970
13487
9163
31278
1492
2213
22614
17541
806
16102
24874
1158
7147
12671
31984
22471
10931
30408
13932
29833
18695
19772
28930
5170
24583
31111
7801
25086
11346
19169
512
16881
14630
14747
9326
1040
5833
21495
24014
22480
20519
27965
6171
5071
25532
17163
12104
9666
17332
3309
4739
16046
8529
10797
2747
3932
1934
25069
19040
10503
2306
26994
10858
22103
1286
9411
14492
147
18458
21875
31498
29970
2949
11195
3289
7922
6204
28108
30790
2317
4357
10594
29161
15401
10204
9117
22843
19823
17046
31501
8791
12575
21188
12299
3325
9601
25818
1872
19676
18975
10897
31424
1809
14129
1161
11399
18667
10585
20275
4199
23537
5520
30446
16208
6950
14688
6000
10546
11659
31573
10856
6415
18918
12206
2401
16212
26562
5463
18154
13929
439
7964
8948
13703
19691
23831
7803
26058
2521
6762
29289
3463
21073
820
28087
1503
2240
26301
32469
11924
19634
27124
27724
21532
6293
15900
162
15348
27840
12226
11645
19255
11188
8690
27148
31599
2977
18858
20643
4523
16684
15759
16293
19410
18287
11743
423
30774
26945
22695
16594
11116
28600
3638
18825
2140
6637
22993
24652
20116
16895
8872
11997
8930
21339
22793
3233
17953
30266
980
9800
11859
5227
16943
18609
13808
6994
5498
21255
21886
7985
1926
5169
7010
17318
257
5993
22006
3445
25653
9258
9179
392
16371
30032
24209
13620
11977
27515
4932
13246
13947
16052
32233
23838
15281
29523
14986
8706
24046
5663
8414
16662
20417
952
32285
27011
32575
16178
8466
26293
8880
7171
27762
14690
32137
16159
25452
16840
29083
15201
25729
24374
12425
19757
1686
10445
8575
31060
19528
9096
20257
4919
8575
6522
29122
28208
22342
30295
27095
15917
4570
19766
16043
27550
23808
27541
30036
24210
23196
7582
21477
1308
16256
1961
25829
6396
4738
14593
20224
26747
25041
23531
21757
9879
25225
9956
4592
1632
11908
29483
17841
9634
5236
7295
17804
2756
11822
3626
25914
14832
12617
8510
27664
9589
11752
12319
27255
32105
12244
833
924
8850
30158
31539
32617
16519
13091
7133
14515
21266
3968
23814
15285
6873
22792
25625
10429
17725
7332
2856
12069
19331
6298
22833
13445
19761
15714
20384
31783
27067
12469
12566
25275
23903
1766
9577
588
25934
9845
24300
21107
12044
2530
9456
6347
22297
21439
26506
15780
15057
26889
16535
22780
8593
1464
1534
2987
283
32661
20789
30941
24892
11084
8199
29637
8876
6082
29332
13712
11573
5032
2713
12184
18711
12625
12273
19931
10156
15552
7772
15787
24392
22534
128
3239
24163
12747
7213
13289
6650
2602
5093
25473
31538
31170
24988
8738
20543
12041
28348
5404
17540
5604
28012
1162
9211
7541
22290
