6003
2389
2639
21618
23556
27596
32681
5728
18307
20402
12813
28977
15447
20388
19508
13582
6421
8878
28806
25607
23449
784
5332
28413
31318
29250
17993
14783
26602
32309
27038
10867
29941
27612
19342
18488
1068
27371
5514
11529
17577
14047
31405
20196
26245
18750
12530
25644
32169
288
2725
26445
1761
25582
17431
32158
17203
23402
22934
17803
23918
5359
31132
20467
3589
26106
26439
18639
12574
23018
24841
4885
743
19716
24481
23516
30249
14522
16714
26816
22815
5421
13618
9608
15496
29680
31533
13574
20731
14351
19371
2367
11899
3920
31720
18124
14923
4280
12898
30592
7939
9297
16272
20555
2788
6187
28369
3678
10345
1697
25507
12176
1310
29149
22293
2561
23221
14495
18815
1789
28247
18489
31856
1315
31288
12255
18664
9670
21870
31005
9671
2451
19971
27049
29318
16500
26953
4699
23077
28853
32365
20346
25188
31078
24399
7737
31542
5120
913
27521
8819
14667
27119
16369
28621
19838
9166
27940
7429
22440
16151
8242
24159
18512
581
32121
8019
4952
11965
10653
30597
8488
15710
25549
27639
23304
18778
5448
20605
22220
7492
31264
23922
26039
5738
18238
19882
2714
21092
29095
6311
6972
23277
31486
7440
4350
17394
26441
20318
19647
28649
16376
16601
20990
28260
18467
4803
15678
10470
17939
10707
31151
20981
1540
13797
31242
19056
31273
25071
30909
28963
7153
16439
840
4249
29321
18115
21735
24369
25250
28689
17521
17780
11124
21513
18816
24230
13570
19760
23762
26523
5024
32286
14319
4045
25779
19250
14348
24747
26809
7300
26672
12083
32393
31771
30357
19394
25563
25697
6481
25643
24330
21203
9781
19463
13849
29437
25078
8013
5877
30118
19082
29475
21753
26696
24789
2291
8119
8387
13701
14272
5878
4433
15675
32699
24567
6333
12267
31761
8189
8912
30597
9992
11
11533
29141
9290
7664
926
2472
1408
3713
19085
27440
15651
21798
10039
22441
13199
29848
7678
23613
12890
31976
30783
28709
6627
15044
18052
15890
5422
27638
21242
7371
16367
7469
6181
31511
29412
5376
4050
17117
10856
28720
28237
30602
15174
21293
7637
5043
18891
21724
3661
27132
14111
1688
11572
3384
30933
15735
6615
977
3776
206
27077
19050
2824
16887
4484
27076
24702
16721
17794
9182
27437
17545
26446
31841
26417
536
21256
8250
18893
26125
8471
28809
12471
5133
12313
13498
23478
19096
2848
14321
25711
2957
27
21932
10364
11761
31378
14756
6591
15596
30359
22260
26870
18452
8185
23164
16015
2287
29114
7304
30141
434
27075
21933
3531
31055
9431
6900
17841
30895
30406
25915
5605
11580
21219
10199
31859
21667
6327
14974
20304
5592
6391
6757
2283
27482
26292
18085
17158
696
18642
15331
21444
13652
24507
21296
16643
32359
21332
2094
32235
4677
7473
27252
9927
31459
17157
15924
12052
23958
5468
4123
13784
19997
18060
16505
29750
21218
28136
18850
31294
32381
19256
17812
11786
17018
24166
30426
16646
24412
10106
22704
3983
5601
8904
31335
7872
32136
21864
10763
11400
9297
32231
12868
1536
23492
15676
12154
6140
22324
19454
16444
28129
32581
4052
5347
4790
7852
9516
8818
2173
19510
12592
31937
18883
13836
4085
7131
2422
12853
13046
4260
9463
14428
17346
27839
31856
10452
24305
25006
9576
1241
31580
23355
11156
31769
20878
6423
21488
29555
22389
3010
5647
26878
9309
30890
16303
22861
20768
10647
30353
2545
10390
11078
3208
23872
15443
24404
22991
4949
12690
25951
4511
7256
23148
8039
17665
24576
28494
21882
2018
7765
31913
15504
27749
19899
22763
25780
18557
6700
13999
21092
31162
27077
10032
18235
7011
2692
8452
32205
25286
27984
24327
23763
5580
4665
11157
25992
20432
2562
27644
24914
2225
12508
48
4773
4646
1653
19137
27940
32594
18225
29963
6410
10905
10935
17325
17865
19889
27568
3900
4081
24572
31947
13624
32338
12053
3845
5438
23141
26025
19751
28288
26600
29832
28816
12659
16329
4603
4916
6599
21061
17241
25317
9372
21585
9429
6610
14067
7225
25498
24653
2146
12679
7706
31697
9741
5158
7842
28483
8657
32455
9266
28792
16834
10372
11661
22264
17368
18883
31372
26625
2533
26718
14263
9167
16842
12033
2070
30747
24043
21459
24901
31714
29152
21080
28103
6247
18286
31894
27036
17275
16309
10102
11542
12028
21674
30318
23016
4508
20168
2653
24192
27875
771
6070
17303
29816
11518
10209
30726
31388
14717
2526
3803
1527
5405
13868
9132
29847
21315
10729
22827
20534
16722
32058
9723
14267
14881
14573
25538
516
19884
12125
21632
32227
4361
23702
4639
29542
10910
4538
7243
19036
28306
28580
30851
31252
8065
29898
6256
9832
10100
8808
31350
3578
23824
31963
14474
11710
10509
27466
31043
15801
8170
14988
30515
27400
25567
18246
4727
29475
25364
4948
8333
1123
17936
19051
28262
1986
8820
31228
10428
14307
17897
91
7846
10578
11607
30496
4714
10252
31832
7374
3218
3650
2284
434
25922
30810
20334
31758
30664
31287
25286
10103
13429
14778
11489
29564
1195
4744
4958
1416
13624
9998
21642
29194
23266
707
12431
4306
25923
12717
13032
28862
21464
28967
12312
11927
16724
24033
19356
13110
14650
17192
6686
7403
2986
28520
13291
22559
4987
12783
19367
11063
8843
26099
7488
14780
2131
11991
18720
17081
26303
18858
28583
7781
18748
6129
8408
16130
12818
18342
29778
14597
4596
15488
23938
5751
24021
7797
4120
31131
14078
12670
2231
21201
22878
23194
3569
11706
17441
30229
15730
22941
20612
25354
31099
28938
10983
26663
19091
1213
25123
21936
2425
28100
287
2246
25948
2789
26270
13290
6734
27962
20315
4285
27639
14366
18008
24329
14470
14413
28531
21765
14317
30278
24634
25813
15182
18420
31488
31569
176
9614
49
7175
28407
17852
18914
32387
19987
17659
26028
4302
20343
23618
187
820
31437
27366
23074
16714
21224
22459
12145
31792
18170
3452
22410
10772
17415
5740
32688
7927
31385
6974
16097
8884
11446
18738
29542
10302
6159
25474
7848
2601
20602
1020
13125
28780
7842
20208
2403
17253
14077
7756
27973
20509
23807
26630
31772
462
18062
25530
17183
21666
21429
13205
21725
26046
28316
5233
18642
17535
10168
22849
22841
26883
25151
13744
4898
29676
9439
7173
