6013
1866
23463
28272
21732
6609
9251
29714
2306
1958
12370
29109
16327
4491
20548
60
21339
31386
1530
30645
24928
14459
17609
16689
9591
29658
16383
31442
23813
27928
3273
8741
6199
6465
6996
14514
7235
2879
19251
5842
15089
32077
7937
24769
17243
3758
21319
20980
28656
2462
23711
21165
30143
17801
4378
3020
6387
31099
224
27880
27289
4824
16918
22686
5034
25677
13317
27433
20805
16646
32120
3891
1596
22561
19045
21739
1490
25699
3280
16216
31683
1066
17645
31725
5509
19875
5253
14429
20686
29501
8602
2737
4950
3166
3150
8087
28638
22100
31745
8957
15473
398
1978
5854
24042
24332
32200
3164
27830
532
20137
29456
5851
10791
7978
29342
25401
2355
17872
652
14864
14858
14199
13396
22211
31507
10041
25527
1756
319
23953
16725
23119
30527
2752
27515
10499
31989
6256
2364
4494
15144
16024
7107
21825
24443
24479
31207
13668
5280
28612
10752
13762
19145
27581
3577
26729
25695
8862
5543
9899
6903
22269
27481
23400
12418
31572
20145
17040
16579
3494
4530
16867
18183
22118
27673
16123
11280
3732
6385
5773
28754
12585
29282
6380
18018
31669
32714
12238
12715
25159
10767
4435
32099
31373
2611
9283
8125
8764
1576
31127
23904
25778
12262
32572
16665
25563
6844
20499
15308
18513
6883
17724
177
31943
9049
11412
29116
14503
13804
18556
12381
7674
6549
31965
9834
28297
19208
19817
7002
7233
23433
4387
10675
14556
12801
32545
10437
2238
25169
30864
24217
15645
3814
13306
3621
6501
2190
11716
13761
2011
8330
507
4575
24960
24804
4944
14326
27960
7939
9056
23999
23083
7292
16441
8356
14700
10795
11034
24950
15065
387
7291
2142
12610
18466
2381
17686
8653
29096
19843
8024
25240
29642
24529
27543
3233
162
29364
30702
17635
15177
9906
1366
8386
6824
12771
24859
10665
28299
8368
12945
17394
15095
5083
20739
32006
23998
8128
13804
1221
12880
12506
24425
22056
10196
6536
14063
21284
32120
11537
20537
22482
6405
3046
5253
2254
11190
1320
11776
24797
6474
12650
18303
16850
21848
10936
29807
3250
10979
1496
21775
1302
8750
28879
19165
977
30929
6824
20813
15571
24589
18544
20161
7245
30045
15237
29110
32534
10573
19729
28219
19022
2191
25297
12200
9793
6988
8475
21132
24717
20152
32287
31463
14728
7401
6765
23194
8412
26345
695
31771
9588
13578
16088
9581
7324
20857
21014
26448
17507
28950
4260
11445
25924
24195
28267
24180
14086
23419
11019
28481
3297
11366
32540
25565
3298
554
11961
11145
30353
13891
9535
23744
15568
3350
32338
10789
30470
29314
8225
9147
28029
25785
19179
6228
17673
334
16835
11084
3563
26767
28816
29302
14836
27412
13143
12375
15854
13720
8893
32402
25143
28424
2503
31908
1711
31962
26853
22225
24020
24992
10799
14686
25388
27101
27374
1025
4324
6935
32350
20886
6326
6445
3506
10259
9232
30187
31065
25790
24434
7900
24448
14494
21783
23903
27608
18735
23257
7421
21657
18778
5967
27642
10439
7843
25144
27178
21428
26277
1052
6662
31174
28859
6448
18431
4730
1
7035
31763
25513
27003
22583
10653
16906
25235
21626
4465
15097
5065
25877
2600
2934
17318
32188
8889
2161
11761
31592
21322
23621
23334
28154
12357
15746
3108
9505
21421
751
3622
1149
28851
14543
2804
25349
17796
7012
10587
31142
24422
6834
4570
9516
25859
19333
11166
32614
23300
27061
9649
4997
5858
20393
8302
12742
21497
1818
2872
9809
7903
22297
2667
22368
2803
29524
31123
3747
26169
12437
24028
29156
24421
25227
23754
28391
21045
18125
2858
7828
11780
8476
10313
25431
10909
27880
6499
18120
16205
18454
14686
23175
4156
31489
20664
8298
17916
16831
18879
15835
867
15013
29952
32379
28054
7693
29185
27148
31335
9046
4147
29069
30945
14125
15394
30630
2080
26379
19695
14407
28775
9727
17920
21389
4716
20142
24822
32741
24822
1688
29663
10099
6314
26269
1965
29877
10786
3263
13032
4707
2624
31529
3231
8858
23746
26737
19364
12602
11542
25882
26105
9613
10607
31325
17541
30505
5144
9768
24331
10775
24329
22632
21597
22068
9656
21892
21197
15832
31025
8745
25829
14262
12905
23629
30296
28675
16079
9582
9527
17627
6949
539
13160
16864
28814
21174
11349
32548
2024
18808
4833
26441
1883
437
11168
10470
11826
7266
14151
22317
746
1492
12641
32203
10121
18634
26436
11280
18482
4782
31556
15184
22517
19736
10278
21641
4075
28820
22744
31045
25731
29861
26719
5058
25879
266
7696
21073
14787
17471
14851
20988
13174
4935
9669
23659
8777
13993
7501
15625
26128
2233
25649
29026
27951
18712
23322
14543
5552
18814
2422
18262
9362
22455
28524
8140
18275
2284
13333
22844
21521
18980
1001
21389
15101
23050
13175
8030
24401
4081
31322
7477
18836
5141
23144
6105
26747
27940
1836
24060
21506
1789
24983
7965
18108
5815
23538
4013
16743
32741
23063
6257
3268
7960
25057
5415
3494
7590
12257
26220
8008
12970
1106
23261
26595
30028
15439
13181
23424
9283
2884
18263
24843
1688
26787
2660
19882
18860
1496
31662
10829
124
24702
16054
30597
10276
17619
25619
25497
21922
21609
9565
9943
28893
25887
6217
31272
8422
19536
7445
23527
19837
27210
3111
5875
22999
2562
26353
16387
31902
26886
4119
7482
22842
31666
20180
11260
15951
16807
8602
14591
11654
15993
9208
16037
4241
27304
3009
32137
16233
12498
363
855
15322
19238
22453
5090
17986
5404
26252
10352
12182
9571
3376
31064
3237
17435
8083
17872
11937
4421
17154
19968
1243
28536
32262
13147
19406
1749
32653
13102
11615
29757
24901
28537
13923
30913
26953
14847
17762
15705
3839
5529
22170
32473
18240
25039
20807
13858
23482
25769
14882
4245
20883
9923
28456
19662
9039
21920
20636
20366
20980
8256
31567
1272
4460
16885
30751
25089
5162
12146
1214
6690
14865
6693
22965
23887
9873
15815
4520
12845
531
11313
5595
16512
27287
2929
13301
8162
22427
31261
16644
32443
30015
3559
28098
13677
15016
8306
12311
6607
16290
24164
26078
9949
5513
19645
5356
19630
10089
14439
27726
31910
25956
17421
27347
17900
16212
2097
20171
5662
12978
31097
13069
29252
28599
2378
32063
15363
22976
13464
